0.49297640910578977
0.6210334515264319
0.9154977197927269
0.6669049356106255
0.5661478457239131
0.07987679036689888
0.6726501059457726
0.8026767719122407
0.7216869449688418
0.04702987051390983
0.024082908024510963
0.19967210026725968
0.04454141739773476
0.8579920360743306
0.5326864054655507
0.436799835244977
0.5527715465548272
0.3179705244824631
0.6169674874432036
0.12948853973377583
0.5169732362934588
0.6516490504875929
0.8717967501242393
0.4083860826847515
0.382515660723872
0.954063703827514
0.8398860351512407
0.5943723360972935
0.8656690034631436
0.0586319402618557
0.4969662062446064
0.8848565575974646
0.12379941541370032
0.7940453659598815
0.05836171814884228
0.5626206352895439
0.5101595553933257
0.18865033973705725
0.8406352024057122
0.966008296996604
0.3154049486636833
0.29910453049885666
0.819201609394193
0.218049153582336
0.07081786167487236
0.9895123492697259
0.21128803158375253
0.5021459051296713
0.4423220581080032
0.1679050633601188
0.8833423082125474
0.49324205685386435
0.47972276258540125
0.6988466562871556
0.6329693716084298
0.4059262177601749
0.002209021932033206
0.45410976987567386
0.4277016627225283
0.004718398189976436
0.19900550222888946
0.7377802155491797
0.4963855398871777
0.8368229076736233
0.10316410490681349
0.6278132423489378
0.7636933195451673
0.8939210795923931
0.45683556363721856
0.6129777496187929
0.49424617389473247
0.8871166786671928
0.6279645483416594
0.27228970255711094
0.170059965519184
0.3279351566573505
0.6612017497195657
0.6434494236751255
0.5635031800402475
0.6483178911009247
0.2499290269563602
0.357461845019711
0.6876816961154079
0.6638409826100793
0.4016450537172912
0.5785326799985361
0.8071426647611852
0.7869272290172225
0.8355598872252655
0.28149742073431105
0.974015740352286
0.5306093458347163
0.6990994344135867
0.42345478742700515
0.6181864892905083
0.008441304060566868
0.019121410965038166
0.12193918721873831
0.5648238800478383
0.33244383651474374
0.4139966150724399
0.038882053860690324
0.478559482321368
0.03850893286409174
0.9843104261689511
0.7877750018136865
0.14084353243967873
0.9274776933810994
0.9727914758415964
0.33086229436672965
0.15547861673968455
1.4463295764899353E-4
0.7381754120019612
0.013854138570409291
0.6470591096799465
0.48573056734872766
0.8230639723295605
0.09756636140012387
0.26802047522146355
0.3159054985470987
0.41244035290420966
0.38905582336648825
0.3622295571815417
0.7802319091463323
0.2773540681349277
0.8492355159572967
0.446523094798404
0.5139376659433296
0.3773897196851813
0.859616730676016
0.2663286768719285
0.4152172149322253
0.6558857108956391
0.16774042382642285
0.5574786269473496
0.5667986715517724
0.20347060158817554
0.3990232205703478
0.3035541149791575
0.7453030546900676
0.8883362427789029
0.42215832478312554
0.716572895856561
0.6419619494538173
0.7557685087683501
0.7858749029135731
0.3885615533511453
0.4895475718828153
0.9848076996624676
0.9067744047647915
0.06252823927029505
0.39290976404031797
0.9565129362192167
0.6811254637910508
0.25358025960434716
0.2943022972022795
0.036155577814705575
0.7179138667180417
0.5144057369164101
0.1697205937605919
7.688286112409459E-4
0.4461074677950304
0.4840661849255691
0.7487618829362253
0.6538321705247039
0.9360107376031866
0.9850232630725492
0.7780576414267122
0.06047055116748323
0.3927467955342212
0.34054889148292744
0.6071177423514516
0.009400165248532488
0.9293197507880107
0.7731454906273602
0.6654642114650194
0.7619541409614873
0.4073734672442332
0.21432866963305763
0.2212219398444557
0.8838727618072758
0.8456775275792309
0.10710203732314616
0.6638727115110319
0.9721446300268664
0.13953484714188136
0.8146798810114164
0.43766769623773494
0.3870369484267351
0.6087194641791995
0.062490172109047504
0.6672331155972328
0.6785540880039231
0.19721756961834103
0.4352170292538139
0.4631924153890722
0.25691580127361624
0.9849581678365842
0.3266181903347639
0.873167370658432
0.9982473321749472
0.039884338376340756
0.8970795571831159
0.45231003607611564
0.8995261686066283
0.5381301837547227
0.5323457937575293
0.4675559039791438
0.6009306620408814
0.5107319917604446
0.016591834956349527
0.8210783098497942
0.5790881192873681
0.537217027889741
0.13397771075221931
0.8809625568454865
0.08132099097409662
0.19957691833038205
0.6950544497648613
0.5409078758741026
0.41884215169096706
0.13454661900161846
0.04786670643278912
0.9958040945754657
0.06595041172499883
0.07777434258635219
0.9783230753182462
0.9163188452045088
0.12263075882821273
0.3803817136861549
0.5303824639440805
0.9331706405418886
0.08956356086662898
0.09657730412593579
0.6838312328703742
0.6005515494556792
0.5774002339604131
0.890401266387672
0.015902196059553786
0.2982031769111897
0.5262630797252998
0.69034206620838
0.4427131847653262
0.8529375015869023
0.7467792305623291
0.23248126596633867
0.8874797887189476
0.012934526767641508
0.11056023140762483
0.37598573975298777
0.2546830114912495
0.29193675436932653
0.5158901322777965
0.34918090376472644
0.4028491642780698
0.11549984858752116
0.8334863365504339
0.8901028065933111
0.9033264782983917
0.6477482332546171
0.39754976907510475
0.5823407961108399
0.24841846493904585
0.15462305028212608
0.2489214988080638
0.5551464993772346
0.8294616604129346
0.2683989088341818
0.2600153489822401
0.11619916835629163
0.44391121351980434
0.058285444346853676
0.4752969756075127
0.8160812972515535
0.3102246572314089
0.38321816954173304
0.48643210435615614
0.9054323285060945
0.5703107316561637
0.6054825372451749
0.4278272256016916
0.13891294920655084
0.04153668490227558
0.3776039228900083
0.22613894674927315
0.40452570261719023
0.5437639353423933
0.8799757290501358
0.06642810010997202
0.7125022618674339
0.471608751019582
0.5829862420020333
0.6479881599407932
0.6648818121762535
0.4081008996623221
0.33494467491118396
0.694477172723359
0.6450686091227207
0.4831401337800567
0.33589510807949396
0.3558355816582238
0.6160711899624046
0.868626439276742
0.34744688320327677
0.5935727563198742
0.596789810158367
0.27186710029654826
0.3100383710424016
0.37635735571076134
0.5976325624513071
0.5398398357488534
0.39159065210335997
0.529447624019223
0.03990448974991845
0.519117810747689
0.37529627781694497
0.3793497274116685
0.45782885405983176
0.12973911473569566
0.20932768848317096
0.9141937225520065
0.5877228595763226
0.2060298356061101
0.4875386681539702
0.04066786715375048
0.7857647079884069
0.03336596687440574
0.6077715034128769
0.6599543490579696
0.08395281671864552
0.6670867169128258
0.36317125451020826
0.7079602024656435
0.09327223542243213
0.05824770794066769
0.7619480697255342
0.009239595500808773
0.3937469032265576
0.7306293526396036
0.9423170635229491
0.7793543104682464
0.012971112532969786
0.25439239445993755
0.15188472417816734
0.8770218073855103
0.08787692605828645
0.04399888097609539
0.8945394928631836
0.45525087341075066
0.8289090739364164
0.0714935276017099
0.5129437922088764
0.4897670323290979
0.4614421165530276
0.9309671937608364
0.6710130535473344
0.7733815778422448
0.9061894510445929
0.316000319976379
0.4283070891891234
0.35655861657489396
0.5785173530700268
0.37911119709934127
0.8570480354257586
0.08728769106634915
0.835991528293471
0.6307100699236687
0.4425175004991242
0.8574694837947158
0.2841475122178422
0.004787194257563909
0.828875724721686
0.39837499426917944
0.3623904774406862
0.46953871476973474
0.8249838911830452
0.9843391425104039
0.3750942413400019
0.09336171003962623
0.9685996737313002
0.20170194752912507
0.40738265037063415
0.7901257574646218
0.3623558529857346
0.019111770214589097
0.3707415231543669
0.062354781560795214
0.9412201507475237
0.7556567139446801
0.7605227149258184
0.9369301670684035
0.8086740999434346
0.18489153228080335
0.5755660346397744
0.945152146383322
0.7876373373734412
0.93567979142894
0.24957904750259796
0.4374729632099501
0.8722031320889101
0.5548713868852929
0.3745787977271401
0.742942568992959
0.8375398573955375
0.08218825938661134
0.45861315912484535
0.6843831818441957
0.8678521796091176
0.7542918544056061
0.9531442803507867
0.7425364758134491
0.6960848376820349
0.5028579194355743
0.30988990400979044
0.725903282609142
0.41409089055366
0.24058562253870275
0.8825831250422145
0.14772220679202708
0.8082756307910927
0.5394195236533565
0.07602441870291454
0.6375103598323427
0.8032658116850494
0.19686456246120543
0.2629648498865915
0.6218160463026488
0.354943720129115
0.35912561537971743
0.6387721310142378
0.19730915043287678
0.924223998909157
0.32390524334137705
0.3644967660794084
0.5890624829610156
0.4842406169689675
0.8810438109772561
0.06086809230666812
0.8378533274284297
0.866150067647191
0.06578918524931743
0.958915300441381
0.39254071953708325
0.13254650113634603
0.49733306993297965
0.7873218457088844
0.09705148207542103
0.5825228333230682
0.054354243248769474
0.782285989480788
0.6562337260969268
0.9387015264328069
0.49965922128700224
0.042574240265615626
0.040813426535029396
0.2440977554699718
0.8076132360571553
0.8206185196258426
0.44891632694622785
0.005466088118286083
0.37090573497776713
0.23992205342049977
0.38009385339240265
0.15982176031305373
0.9672959959903975
0.35970278964364033
0.09751824942881093
0.5121163236989038
0.3523362966626039
0.46961728632980104
0.2549889466690034
0.394586051835049
0.6106714378668836
0.9905726008362814
0.7476184537891359
0.4320813306073983
0.9463651820535958
0.382046644224881
0.9085426751815735
0.46272392576601207
0.4218054287063575
0.012002898876645962
0.01872733525384973
0.8595278579319231
0.2650918924700193
0.032398148278088956
0.7229185938556626
0.7261592784603312
0.7574111378544828
0.9214470313133902
0.3520123948349858
0.6987991718473888
0.3847560998013967
0.5032205625533204
0.34059380189082167
0.3761122216052032
0.8924477462264089
0.9358201308721533
0.8981243201872029
0.7206140679719212
0.1162693253295205
0.37128242603371675
0.8432310547487584
0.12726814292423327
0.9806240378378931
0.7335350364284814
0.04277928908848794
0.23893257384042466
0.8519794974610371
0.3351362764502076
0.21088529888194585
0.0033164524569918585
0.5149631024945973
0.8591968096253957
0.9177538482808473
0.91239415825563
0.39882470106024137
0.5697950868713665
0.5342009763512685
0.8427650044009051
0.3235840693110841
0.48236225156052737
0.4949487241327972
0.4242351322696455
0.9580322559830883
0.6249264496242185
0.7022563607996161
0.4039369332852073
0.3858577332294808
0.45177057437329504
0.11117758258404786
0.04459121501858565
0.661519593964264
0.9329713124396315
0.538711040962013
0.19805554428604788
0.004091629130888785
0.8364515949041457
0.5213373556045139
0.3290916436894895
0.3251528702926494
0.24359300255760696
0.608912820629772
0.4293241380135111
0.11590133375311895
0.39511744879414135
0.82761595046237
0.4576510318101019
0.3290198762845653
0.5508634554448114
0.17062047162422656
0.6709065362395101
0.782423989592085
0.6652444529672331
0.8823939366815431
0.9673651092715724
0.7848733752546447
0.3295921528916641
0.9909984373341766
0.15571474931306029
0.13753046592198903
0.6132509882036351
0.01249628775367928
0.8834170325623792
0.4009008990025029
0.14720453067913142
0.002539662602282333
0.8109100807231145
0.3331920542540796
0.037177992493736656
0.1624504819123337
0.5018998100276707
0.7039777310120771
0.967576008783054
0.02057290828485947
0.4150238338839837
0.2661585082498912
0.16327791452922402
0.8044071954966163
0.3284617466991664
0.5295588079080004
0.7132276666986793
0.9950109870406331
0.5066039091529444
0.12110316894655171
0.12791887448304173
0.21237982615681417
0.9266807887859362
0.9393662132118216
0.902290201140963
0.5189956900770367
0.9232934040009927
0.01539167983626255
0.28620979947847924
0.948459116682126
0.6800742029846248
0.9770282110092696
0.42664198753763716
0.5670961319822553
0.10024791412828005
0.28063047224179305
0.5387531393379804
0.6586592135605795
0.7216495824581474
0.9218262477022147
0.7876279049223501
0.6857164696361153
0.506797059849321
0.1661513392655788
0.11793116097996104
0.5260511702809444
0.534903815807099
0.9507060706222026
0.35576473819429366
0.10836938705189259
0.85025718140867
0.9995882116990409
0.5251323003943619
0.9788404306523879
0.9801759736300022
0.3687093395251495
0.47083994401149587
0.5184715480113019
0.9258010479271223
0.08970255102726177
0.5603236525216073
0.5010442947011067
0.750260413720508
0.8179817530842031
0.4488094825254828
0.43231728168486827
0.24129094994442923
0.9066134654650571
0.6353758171953792
0.6434258800679388
0.5091863947738007
0.12551434207183865
0.8119013596634586
0.4248866956493622
0.7959814747440019
0.32458889710435046
0.8125466359592886
0.5823405144109631
0.2180705071009036
0.6997735266651051
0.30833084293602675
0.6711445634508879
0.6419980587541088
0.9625541127687625
0.25952964303708725
0.8241511238911575
0.401948113365588
0.6363770142481793
0.5380339880260222
0.5254861885758858
0.10749780247555629
0.9074736156873232
0.062473921728691706
0.9028686053991835
0.36148992157806636
0.9429710531897602
0.2508252081684774
0.11198639081296091
0.81041851557049
0.35576300115586057
0.5883811820610804
0.16867362094150107
0.5835101292293333
0.5434657240886892
0.6333855608301967
0.148108107440445
0.8417225595186909
0.9578867466381054
0.8382867733180818
0.014975943404912595
0.8541724470648504
0.9717843725611934
0.1514878636785716
0.47452661366157045
0.7470413884207768
0.9012983477163554
0.48263042492636876
0.14166765055670616
0.8287998974890527
0.9152834403800464
0.7638648002580491
0.013725757864615162
0.18562734790410673
0.016878902102450244
0.5202232579583259
0.7022265125663367
0.06219506117782414
0.01799897040239551
0.5741263583318869
0.13002250670254267
0.3955188636787943
0.4440305456683157
0.7522173152145197
0.4323255644320104
0.7533766594398391
0.6038760197448102
0.23713290286863586
0.6136756516771111
0.8438250954118889
0.6395809246632174
0.5124836529575388
0.10760537996146358
0.7086391086510138
0.2301371895870723
0.6862299956629875
0.7617356949282929
0.6910366866560326
0.7656549367136309
0.3458054285244502
0.928265210053655
0.2768407927419321
0.23094667742661867
0.9977512710210062
0.2782913412308855
0.9482685151372955
0.7416700067292504
0.5752922578576352
0.6781291368522167
0.26082789122816896
0.6615258440983197
0.4591957253685435
0.9667693084253517
0.45634075376353445
0.495611152662788
0.9504218375969985
0.7558437119911818
0.058899471510470036
0.3028767833378897
0.1574854545413732
0.43694378480501983
0.06560479485848736
0.19974205509302045
0.8171154261482764
0.4258629399311953
0.5402204817690349
0.6372700575669664
0.6537102189675852
0.2993113292652695
0.6454198785963714
0.5259084675351225
0.5012532305245041
0.8868774396851736
0.40808864375150766
0.9546527822043525
0.5607652951838715
0.5694879525187679
0.8021867322730382
0.20559012929367904
0.8470358686922744
0.005343414963620008
0.05496172531672738
1.3345314945367726E-4
0.09028821158527955
0.2552843167434119
0.4348450076121886
0.42985749541067286
0.10159839380410074
0.8117681840821772
0.16315116968210264
0.8226995581813743
0.8853015048529007
0.3491154715920747
0.5067398169143219
0.8743894082709386
0.5872830425979384
0.10740811572845932
0.5550885686872417
0.7353245084807387
0.7049669981015203
0.6984012799976509
0.6627645650288527
0.3847081669784105
0.8529767398597594
0.7790356399743589
0.047071217792022835
0.5466198341601489
0.7778582827062825
0.47661376543798517
0.5706857728378419
0.6067881265162343
0.24592005022145758
0.6694310837733227
0.3103926515258719
0.4741891576586066
0.8901573891381345
0.22762785446914002
0.11555608340339718
0.09819391772562236
0.09539330371617483
0.1012561418898259
0.9937650155046187
0.3998399857433579
0.5251822617118757
0.7060313066073363
0.8261223013071783
0.7049049491077458
0.9496866385173885
0.4019646803464706
0.610938987467185
0.37680970731461716
0.6206507022016141
0.9860506853476304
0.16213393362774764
0.23898205051554156
0.5577598139437234
0.027407646083036585
0.9474277234688655
0.5491620240211454
0.7600877623059046
0.5617490804432765
0.5414590905347804
0.7422325695624422
0.5369983657924711
0.13178775756117034
0.9902411451804835
0.8935099401118166
0.8647821232574969
0.41115212976003257
0.235913623727807
0.8710305184223858
0.918472098644814
0.6816209213723918
0.634536619747087
0.44322182910379226
0.7026982413942968
0.24695850531477415
0.514710010521217
0.18744743364759975
0.011102256237739083
0.46135989312091286
0.671092459914178
0.9052664876255997
0.7807502524718832
0.4264911212400341
0.6644320480677086
0.3918508223499999
0.276143759426406
0.5683370307813991
0.8085104821396542
0.8298536865651535
0.4368439590487665
0.24354534004253714
0.7644416196527554
0.7821258797244393
0.15338844305002663
0.2446820536839417
0.7340536406175217
0.7430264651571428
0.1980930203846032
0.5747903529409649
0.34662405203768976
0.47467720969861726
0.030495986698823363
0.1438710965328247
0.46702532510885053
0.9023610448404733
0.7216159597551948
0.10338004790392086
0.3183778563973979
0.17236641995239832
0.7968582844306069
0.3795634409979328
0.5085964522647362
0.5859313163253431
0.8843196839413912
0.5924296529320396
0.7777554835889351
0.5145420921233523
0.6734038813793171
0.9543821472301601
0.5419863348397114
0.07469342652335254
0.838076301159081
0.931014296841859
0.5996611172650528
0.29431828901390933
0.2597486022836777
0.4162945729588913
0.6869039874715956
0.7384470835041019
0.09669916315538829
0.9253457378424923
0.9220120685137219
0.07825777924197419
0.9900986049975374
0.8402494868106573
0.5621559502837731
0.8855298288379937
0.9711244483516777
0.05778372253768804
0.9107694304591961
0.013616327414909923
0.4393121404722393
0.48272660704484294
0.6603267301923409
0.2864005155090834
0.919204651342747
0.6863379499728316
0.4327449662876304
0.858304342027444
0.1705261852173663
0.7068550860810325
0.7884383658572143
0.5312680842955028
0.6265200348624848
0.4073170065019278
0.515089926385701
0.5187219534919236
0.06575439909355918
0.025756988080710586
0.578495208709049
0.63192200346117
0.8846144616794364
0.5537805813702459
0.7203722688663449
0.6306239262601836
0.3308623583769168
0.36177228740848255
0.32182019502306847
0.5279207105254702
0.5830617742912682
0.05245112762198956
0.8161485975682523
0.9681705892041621
0.6163266734108678
0.8692212638721795
0.6310888281315266
0.40729418998662137
0.38176905792518223
0.11174121117345004
0.3679368820212976
0.7163210615546578
0.9451837545205072
0.9183608598199151
0.6839673469115713
0.001916884204380409
0.8799227386464377
0.46355291382667807
0.13449634051976855
0.8917250554229098
0.3895752154849007
0.08819118046726271
0.05226087495714371
0.26770730228579986
0.3479843959744129
0.13150536170078098
0.3943206923566094
0.44726940554452665
0.6872952237569309
0.2657681288379141
0.3704782724408373
0.1098106061360773
0.33914171281714167
0.9482467970099442
0.5822510784041524
0.8454355998198628
0.23974686868257455
0.19967897508917953
0.34771976074583666
0.06292035225369563
0.7466215538824689
0.2945073913251537
0.8651148337428106
0.13562469225836793
0.18271347530737814
0.10533645672491776
0.8767933489698633
0.08689540766157122
0.12327096045520547
0.7825489127749151
0.5352963593691427
0.8206057601422997
0.47135078018202425
0.16974811260970613
0.24446673587827517
0.8878289412597293
0.32981250880604573
0.8566677209934258
0.35114638844347135
0.04724396664235753
0.17080705159475018
0.053417035882710295
0.6967605450448953
0.4247248905930331
0.8281801852000766
0.5334072693267236
0.20313597606485245
0.9066648600872077
0.39387639263967866
0.737030025978743
0.8631894699001685
0.5119389617816766
0.18634220241889954
0.7541361634221727
0.7346611876586121
