0.6729193244725541
0.40154417157951106
0.2695957334672542
0.027882451223124938
0.14609047050554436
0.3919963001873643
0.5520797250743039
0.910582136409513
0.09662655929182351
0.2041931069437285
0.5805096366123628
0.1656330902123373
0.03755567671165594
0.11633054466268788
0.08622873696104538
0.391930516122182
0.4914407222319004
0.26014508812939385
0.038637179557407086
0.6469957384979973
0.1161630479913821
0.5220052233502777
0.2418204025504399
0.14931506714698395
0.6251255616014803
0.5714073464073008
0.463405154190762
0.36700902812900504
0.2785167110867174
0.7673945332840938
0.22824182483316002
0.8688394473918657
0.004504305380083173
0.8272063316175091
0.9573636753723215
0.33797526819261337
0.2727035898446658
0.30650618417102227
0.9617747996014114
0.7046024192931237
0.6869916253466869
0.13682267630999434
0.9109706604894067
0.44037696401372206
0.8907154901184942
0.6933797773483905
0.7876959797746421
0.6758849848514817
0.7845695765694896
0.12527984184952412
0.013296931347672625
0.9516863153516133
0.24589281998000667
0.9700426780031332
0.3821257713732855
0.09418391468528087
0.5078635446183584
0.3957932988758406
0.6788077667989237
0.9194741110575713
0.10804680648149134
0.7669288714500879
0.3687818137568343
0.21149754653448538
0.8479744899065498
0.6128860998577245
0.5503775428957451
0.6952241731612142
0.5189160755534721
0.49466772850366447
0.4357936604270568
0.5312703582232655
0.24372396110751227
0.710077182041962
0.9886933858324112
0.19525955178214094
0.16061391238453337
0.2561485507199759
0.9877346694748467
0.4734024959886656
0.83196780197491
0.9760487279223641
0.7082043925055889
0.7051868846050444
0.19972253825593045
0.3577672468489703
0.6180273995965504
0.3347303832035071
0.12863503096225726
0.023198720364184577
0.9697723812072011
0.2942649956550233
0.5796906392208632
0.548761391253262
0.936878885836713
0.7363849405783235
0.23814795953133405
0.8924850418608301
0.9901805559196153
0.1561041247595002
0.9841903112377753
0.36753988897332956
0.5399018153116054
0.9994333864082843
0.9388801552056432
0.7984674115203984
0.47865644160629106
0.4421018996863839
0.9440897987085862
0.223913580152168
0.1525781633349883
0.14021096168539016
0.24230792037730675
0.2684530696746833
0.460565123790767
0.4040224944989461
0.8106980941736702
0.09613294144383555
0.23572119844176498
0.4267489435226679
0.27351218349630635
0.6796530177982463
0.7984292019711839
0.9121248849513743
0.5679378729720393
0.9716391053602734
0.587092334774595
0.6877049564345199
0.570686451298723
0.4482545820691577
0.07043161682309329
0.6652469201369545
0.7061028678714453
0.4104346457534842
0.7243290756052457
0.8152022056902791
0.151307666548816
0.37431677298288446
0.7165576340778799
0.6592511137622629
0.6298559265088598
0.8599800747159623
0.08434017627846524
0.15298332191015662
0.942625597599857
0.8963946787375028
0.6125323312940607
0.7302383899715833
0.32312402800940265
0.6005226108551731
0.32432433740538114
0.7112857167921165
0.4241275669956537
0.2597990295255862
0.48170962453963173
0.23893632039427892
0.24354668788868983
0.4497632908848441
0.2595687279575597
0.39984422109525164
0.5796344061879998
0.8523973716166241
0.8050692482579472
0.21266787127249853
0.6691335731212577
0.6057686343115757
0.22318352242886197
0.7204274353816155
0.5066840189088946
0.21186295111241737
0.13947791159981948
0.5113068322634963
0.9697880470526759
0.2570332386333408
0.8829286697598444
0.6103139595228577
0.2808588351535374
0.4582775301924704
0.004370917834454646
0.8336265492709735
0.5263526672036826
0.8385995818836043
0.8002893538633209
0.3781149836276815
0.9227133669495875
0.15599461571143391
0.7470102391539113
0.6304477976235948
0.269832707443443
0.06314105976034623
0.26695604307087073
0.9233491456261499
0.5649580361099867
0.8586690174918158
0.04647578796911622
0.24099227639405552
0.06345446518774289
0.1059147204382318
0.2038656404929714
0.6811761903209227
0.16755570121167151
0.8413593279327231
0.9665456013406412
0.8188478954529804
0.4002140302184467
0.5724899552712127
0.15796008709795817
0.9836954767024835
0.3783868677329568
0.7736092179261093
0.7176216274882105
0.863952239193481
0.13857313421900164
0.1281591390972242
0.6818182365984948
0.7792158012832119
0.38714023955991805
0.3374141481518713
0.5378570023854975
0.42700013265149395
0.24895822700889392
0.917936858331873
0.6313176445233979
0.9009025469944587
0.8700844542335209
0.04397956210662468
0.3536413638231487
0.3026819845303699
0.7937190483945495
0.15605353429826585
0.16648241093846672
0.32620857324741437
0.37337735467402133
0.753176690550922
0.12960026230994548
0.7781588701077383
0.6132027894655253
0.513850191738582
0.49067330941222953
0.11849505786760384
0.732569347559543
0.6496025776221291
0.06826502993053019
0.7531805740477014
0.44060043262844295
0.18498012780047746
0.6132763938443195
0.9922484904369623
0.3759565528948412
0.6791501826262408
0.06956918888134656
0.29825320429689495
0.4182211183383564
0.7568241047840503
0.6710464126099404
0.693300154413194
0.6094406153221267
0.6999950261948179
0.11032800667238063
0.9672620531950852
0.23785113527058432
0.26702502310813425
0.5932612439898773
0.6354542901097887
0.23055082955589468
0.8519047340092288
0.4538569146379031
0.43095654794683746
0.37785347875024533
0.07404867542990756
0.14584373449357646
0.4849311343453655
0.06928536853724554
0.8977772836767061
0.8498855830083157
0.24770312304712017
0.15966456673194807
0.42067650112368027
0.6396068485709445
0.634031244912558
0.30342734864602894
0.5413148965562643
0.13492352564849364
0.8379124321242833
0.5963440506962917
0.8193367110848485
0.8377788316953576
0.7554272535210439
0.6459924833133955
0.9747390597440266
0.893233662636276
0.9785471564763712
0.2558340946887945
0.6381800075386839
0.8479642282583044
0.878489179693452
0.7524641711317961
0.16045353805962015
0.08856998945798289
0.38411662659853174
0.6115844696498354
0.5168064103809793
0.033697374301768
0.6790499335564896
0.4454725239358521
0.6005613008274404
0.826835773544025
0.1905644022187719
0.6031994860839403
0.490548900640155
0.2307441692758675
0.9240167153229277
0.6045734566226225
0.5981417539078709
0.6598182257558125
0.4084553922182733
0.37976337298731877
0.952220653358169
0.8033089480135385
0.26223514057246333
0.8187840536120438
0.26419438803676887
0.09015631341618657
0.6618683395785498
0.44849979080585556
0.8302318312501574
0.32530201124061753
0.8030118065776772
0.14953071369567983
0.7741552860823704
0.18769749113122647
0.7794001707752751
0.7014224216185889
0.6119822420535692
0.9218248667811039
0.1737020170243978
0.6016659827007563
0.6278925481238615
0.4774000532485613
0.05368850414764059
0.04263225726365616
0.09143618110400964
0.5560286578195798
0.9977685070325593
0.15021050866238794
0.9170870099055414
0.5089370406622274
0.23585833237533127
0.5889183423372228
0.9697855757840428
0.7965025100055969
0.9847177889693165
0.4204763940094226
0.8539044998353409
0.7681579662249497
0.5812993896588188
0.6663177194422453
0.6881078055362314
0.8503479666660038
0.07332001311456982
0.3692281782911374
0.06486574931130085
0.8405649545795574
0.5131802410867998
0.07529140067280993
0.12092447054885613
0.8970956106106731
0.3195188966154363
0.5645375098833701
0.403820417611611
0.9869590614815149
0.7201056122370604
0.34717206055683325
0.009567028320175974
0.008620287666762816
0.47043784575781944
0.9119880605762889
0.2879312939777493
0.5414133460725365
0.7543227208231121
0.9645400732771916
0.264256264113669
0.19021105277871087
0.41588838540735773
0.9248867787352855
0.810575071071098
0.7917288113545514
0.4468834935113297
0.7681840289783178
0.5138008514084409
0.3279522463585177
0.958787460232161
0.8861376996610681
0.13506580458663964
0.25252961496063664
0.7061684371715169
0.02330191239407975
0.5318222589298834
0.07757173976713083
0.5958895501962597
0.49943456530263386
0.9231073265442388
0.49115352391115086
0.5161785932002132
0.8675992648684933
0.4184114764316085
0.9799128544690308
0.2502399935728231
0.8774285986090619
0.8018811815265309
0.9164942017162035
0.2010018731708919
0.11394069926959838
0.6661242570201943
0.3381858670809639
0.14675582504452056
0.9645276623220719
0.12367569028224956
0.19095120465514426
0.27185983937191127
0.6302106045803132
0.4892210112954434
0.6421558060225994
0.27234023156743814
0.7419829165272858
0.5219630601413011
0.17564437245175168
0.4231413998497242
0.7690399088554937
0.04505743269949902
0.5744222806266988
0.11193695591766772
0.8129194059318151
0.01783034782609494
0.5690484380217473
0.49382956347459395
0.5700545361633386
0.4265324736352577
0.8839480260648349
0.6019309368614943
0.21496666883437043
0.6806707247188614
0.6492044148514406
0.46072749367832333
0.7073023144416573
0.5544994760759436
0.6619921657165716
0.4923013445049462
0.5581457764037719
0.09704127485255842
0.7796637580474836
0.7798901032387924
0.4045141114481732
0.34904703897337896
0.8056045092596883
0.5589333370165361
0.8356689910896086
0.15159345531013324
0.5893219395729306
0.6426674660137155
0.7908559333836374
0.80855585086991
0.7038370892750385
0.35749473453186065
0.5053080280978265
0.8739826802677397
0.9862970686311305
0.9627663848559597
0.41982784532331074
0.8754374814256564
0.43182936640233727
0.4602838991809839
0.6889878165601537
0.35566304660796766
0.4160105627910967
0.16073617554599817
0.9239661425617874
0.2174616061352015
0.987923059971303
0.36745505430017533
0.5882612451412425
0.9904736995915889
0.023625403958333346
0.06228501342442283
0.028005071590970543
0.3035779634191985
0.3589631608043218
0.5340273243183468
0.46332169185488514
0.5429227000516824
0.6309987985202505
0.47683319313273054
0.39315413493540285
0.4031390489784301
0.4489410607633171
0.20408364642337185
0.7732093816267334
0.7980752566770934
0.6883050067381433
0.27270932777034296
0.015147494631600367
0.38742998815682794
0.1561364376933787
0.9935658876526987
0.32486782748249043
0.7969519091776072
0.6104851234619648
0.015396053942912324
0.14872156072965492
0.4624118966747961
0.13391367387364295
0.41307254948143535
0.5287065404600386
0.9113433247321149
0.15867947838232144
0.48523099333838915
0.981176929426467
0.21158467129044323
0.02032957328784668
0.7720648794622587
0.10832649509247139
0.2619479268115038
0.7767994006430159
0.640969887483194
0.5276813607059019
0.5778757368169046
0.17170808876982135
0.155888211574582
0.8620643194936517
0.23373831097239373
0.04339432150237266
0.8456175892597428
0.4709693267958811
0.6634611306376151
0.18533883178693278
0.4170143473867505
0.32401161493688313
0.09246319570467121
0.6489704904800913
0.4209332839452856
0.9180950969891826
0.4764245347263002
0.7464552025766003
0.371911375005606
0.4221656496297951
0.9561906766644316
0.558917703360958
0.8470166291816873
0.29689510620479964
0.0031613739210250014
0.5846486526285812
0.6449472371060907
0.48136760060803063
0.6257992418026359
0.2722001312276475
0.1733802702146966
0.8648161779558623
0.23543350850268308
0.5748751481961536
0.8507332140472322
0.16868468530838643
0.028322949020442856
0.33596749243174795
0.45791576998962313
0.552765639673611
0.0309811704406856
0.2682102499713328
0.056313551410793194
0.22889240889805795
0.27705662036449563
0.5262430515560177
0.30015871591576904
0.11663965518426833
0.9365982748532616
0.38750892976132234
0.7146076885415718
0.10771308265612245
0.6023278194715718
0.3548443818032012
0.7852592903778967
0.8191860730586205
0.3525773313620374
0.0731264275426241
0.510510922544863
0.8104669810449469
0.6568412800113633
0.8126933674138292
0.4050648938215259
0.11485798897128274
0.6674302135481741
0.9138563963898775
0.8110602697938737
0.5937924194275215
0.9495026337931787
0.5096715688128491
0.7727206530049247
0.06031429843771885
0.24179116765192354
0.04824260140295056
0.661071351952019
0.33809075498995766
0.4116271435382386
0.6211772259218324
0.1971943212882008
0.4232234008130863
0.3704080430514022
0.871420397777612
0.5156527630890898
0.6983529430024392
0.34944005801535916
0.3015403278104102
0.4341316643226786
0.7120263681738794
0.6011282523223107
0.13264415728575807
0.15100421428279454
0.3810235243179946
0.2867747788294325
0.4744516292429123
0.1794488007580659
0.5993160603414097
0.039785659481237245
0.45865720358664885
0.44490447270041267
0.14455853468134894
0.4518749126681142
0.16056218385489196
0.12206750937420918
0.4614878514675813
0.5198944348276948
0.5880599860508757
0.9682955778165768
0.37133356192451006
0.9122066143629661
0.7524095799893159
0.6221998306939095
0.00731891882857949
0.7660563655601725
0.8518332983876725
0.5793695827299169
0.3085579871359334
0.6111874659338167
0.896827009342847
0.3315883395620467
0.21813173689518917
0.9299879660551583
0.6851723239113556
0.46156371463872026
0.32585198605720456
0.8107380958069117
0.8949915109141918
0.3221080963725207
0.07219854106084489
0.12807312447576957
0.20578818707763713
0.2968708208365284
0.7871423342446683
0.6935627759250381
0.78026764706481
0.5391368396927692
0.7760424860525169
0.8593481436890126
0.1438328005761752
0.5158707782209868
0.38453324207265316
0.12906532760006095
0.48400284242524927
0.6460993311098249
0.4752922708561147
0.4328251441263049
0.6586036950606879
0.8158893526972586
0.03180870269997471
0.8568064322650277
0.749430590303339
0.5765923330912853
0.6677461712483502
0.7830599191564801
0.8271847623640252
0.38869092407679817
0.6652221245909528
0.591408804636149
0.703837883987375
0.36049643615896054
0.7913016482697147
0.3028708737075827
0.8401793385092033
0.5491108997511214
0.5492302458026845
0.8028163765958742
0.24915299564414328
0.04048088089244761
0.7094071517333439
0.5721149504421562
0.1896918032329591
0.7060345680174952
0.9348267067490381
0.1758135693277605
0.6811099676554967
0.7453077475225883
0.06669204123526618
0.111427002858981
0.38471402547527744
0.867128162182121
0.16813234570833469
0.002711211796286417
0.19714596144507124
0.23634174058844504
0.7374308637812006
0.5398287952974445
0.9790726750892579
0.11872881926250656
0.5968977949508576
0.013105309762179718
0.20318783608943847
0.4936716657462705
0.8394986033993906
0.7651138582495034
0.9470940356985799
0.7722993906791173
0.8725750915758709
0.394614530522413
0.5794840347100565
0.15825013167791058
0.0364727022703889
0.08591446091180566
0.6921422122970595
0.11885436407490912
0.4956144248266686
0.008503166358984737
0.3156382328966998
0.8964574475272438
0.1005384016880515
0.3343569964381592
0.22318715245072218
0.9827633975452124
0.7016420410693405
0.054095568545506345
0.1750008942139578
0.003496151954551996
0.9588534631529784
0.43821203437433354
0.2845587546764936
0.5163384050416092
0.03617588268919303
0.6858883008056523
0.2985748368641935
0.8120223156007779
0.6960287806597562
0.03144510476738138
0.4740431326806456
0.9266106122758849
0.21553509384922132
0.33726624994165644
0.9085914408462911
0.7224199859963372
0.23538077311588523
0.992074788806435
0.6344776592083874
0.07570391676846455
0.12159955958263535
0.7547290840879388
0.5219133091109408
0.9211248049477351
0.671612135008973
0.03624408362961329
0.05400043350464423
0.1462104870796812
0.02807581232951406
0.9965341994505005
0.33341998970004816
0.10340336860232935
0.47757696091994584
0.7474113851859991
0.2601111463147031
0.812975240342089
0.4059255096424945
0.8996623746238179
0.6795327288332076
0.7669942633669417
0.05778671024015236
0.6695674218657706
0.44269903857883053
0.6126951405827481
0.9056128395233085
0.7690123553022583
0.7420347799724419
0.8930172510231112
0.3713130202395293
0.3433842667206063
0.7911943689559978
0.4527397706891805
0.36382691555404567
0.2927309833585213
0.9023432164764057
0.0805567522815327
0.5967437965908012
0.41420276843803383
0.2809997941359761
0.4505992769701155
0.9323356300436625
0.9375844449056155
0.4063887803258338
0.4513258413481477
0.061848880069526824
0.19076453634241786
0.694357652391841
0.5453660572083382
0.6766270050018749
0.3282776014921641
0.2502598113889829
0.8908171317124324
0.9106111895437417
0.2835948717403224
0.9108096958931828
0.5726563284096619
0.24199444210572862
0.36462707590509424
0.4467666183454906
0.44234671357628663
0.23028004975494298
0.20194281813584858
0.7524051653745117
0.7443779674970801
0.43472209773550063
0.08049475125570138
0.08308255180423973
0.9203973517707116
0.6111027008617141
0.038184595973808744
0.9188137601297361
0.7247507686046996
0.8160265383760645
0.4983877497039152
0.8296178650621696
0.059667320645521604
0.3613902586634784
0.6185965869857604
0.797499642796364
0.7439853090548334
0.6564110142190827
0.9836311099125016
0.8102828987111029
0.7662310326252091
0.8505742938390344
0.7494043647647592
0.1841127711299818
0.4410268731466612
0.8480886329220301
0.8520194605540262
0.9942965478796617
0.28721771025634224
0.7029105896900049
0.43701361626888746
0.19825353977047155
0.37677049917996397
0.6231305701937333
0.23485408032566912
0.5196963769539856
0.3654143552971588
0.8144860008546935
0.21132972655089932
0.9297675680929013
0.40915351688595514
0.17499565131649653
0.4552712469139436
0.6087068546543885
0.6951993913346073
0.41618472661331973
0.9310717000506877
0.6007262371649411
0.37153169284277887
0.5310975222308828
0.4197685708382115
0.9851214261111537
0.24621303231382374
0.6552704949448331
0.6999872429019762
0.2782495511334184
0.7457454032017614
0.274065692139159
0.7788351346586648
0.9538552449938924
0.27117068641006703
0.41824050156969894
0.7728746721393608
0.42332770837282696
0.2712819289502456
0.9593566290005706
0.8605920515212767
0.5528244686021803
0.06422575310190914
0.3676077118975668
0.5803185433123298
0.8107972201109243
0.6819403302899959
0.32687125692967745
0.6313493603829404
0.43730852918996355
0.7862879962158299
0.41526763088453456
0.25104461023832414
0.6056282673380369
0.011404764389006505
0.6542349698156944
0.1869858495375578
0.40695142599248335
0.9237036943388217
0.10510569423350069
0.26080079233462805
0.6306792305727563
0.15913299365834344
0.8493966517350977
0.5290577183357148
0.7355585480857534
0.1967037439185737
0.6275017957242537
0.08667032205469549
0.11107468840987178
0.6579659562624326
0.13020257260628088
0.6295426761692856
0.7138451992072126
0.9840263560320948
0.43838784333646874
0.9957231741739991
0.43036349742605806
0.8348647362324929
0.38860183592303676
0.038125306657217584
0.06529282057752661
0.5801200676569284
0.7055149558098075
0.3469121506166829
0.6836124521570408
0.8061814828943605
0.5871392544662304
0.5359304823683538
0.1452696714480256
0.8513336860740783
0.0545862742606793
0.03511984922797273
0.06259272631762525
0.9988698197682793
0.785392263775213
0.5896104419507057
0.08357156853298164
0.10749925231524726
0.3379118142353441
0.9562628529307255
0.35821439281263234
0.13904189614893148
0.6440077120254388
0.6096924416629048
0.2805397346238564
0.25531433680970017
0.3982414594787853
0.6223590472961065
0.1153660374456158
0.8992776289738659
0.5039951882479011
0.26709273473827755
0.9169109775651105
0.5499300139136791
0.05043258985425847
0.30546491705683176
0.22531536737043134
0.6460927293950505
0.3889328243943936
0.37170332119069316
0.3875576894729633
0.5111503590911023
0.7536081690214615
0.33938837941568345
0.9908269276722798
0.9789715757517694
0.5277420916231848
0.06695769087920722
0.8192726713098544
0.8206503444196945
0.6964621344855217
0.4580840121283112
0.9491535498296119
0.002371355996237723
0.24568739964924158
0.34428193538542495
0.08275598212335311
0.2666178495314149
0.2683676548544225
0.29963650988451074
0.9880574591790036
0.5221037424358288
0.32125742931552004
0.13133720565144813
0.9589595258674262
0.05222635818752297
0.13894516397229195
0.45473875758041593
0.5400175235733573
0.6074999630497444
