43.11397518306503
22.441734523670906
41.69772111762837
14.47444104359355
47.772107864316666
22.945077379532254
20.512294486994318
32.48752166779775
16.301968939070722
48.65522128431227
32.55665495115692
21.819344657620974
26.193618697234477
37.27232257859421
36.1598667092788
27.86497762733826
31.900046911775526
0.4479393756090397
10.213151211989768
7.724798841738632
39.35905692682513
39.93316293595897
17.636285973896424
23.89845263092997
41.75195911533249
49.01491998119913
34.63553220285173
42.753376971650496
15.656779326816364
50.29935461902032
36.843738046599356
4.770856310722659
38.000266342720224
39.45003842678827
9.783727413267432
11.95615176210035
44.1142503885855
14.623190993471221
12.877358574783022
47.74604418418103
22.158477123980454
26.724332193000066
8.72361632196872
16.46786810858597
46.475725874212195
10.487673736065709
36.92912528089153
34.93349511221916
24.565973127466524
1.9130212913520184
41.421231928902706
42.51840540149495
9.634228120741094
41.99581659968536
34.647194314767155
41.58690964814933
39.27816881419044
40.891537591993654
14.490215195398973
32.54538866049287
45.45411594081387
9.822710667520832
24.873578431660444
24.40322783145202
3.4468588760996006
5.62816502646798
40.33901466448474
45.524984320830775
10.477913157394658
49.784589043285564
30.880690906573694
13.677387314116803
13.412750477266211
5.138287913442908
7.219584439521426
4.667747285084737
42.303274353635345
36.339726729493485
21.974165962215928
11.811709466170594
25.633513679836465
15.97149428302942
2.5743765618498164
3.650408047478368
8.053028599079608
30.97356086791135
24.075161402602042
21.618722924735
14.908902677914584
45.5961363706502
22.816466861474357
40.08119355914257
1.972565756935615
43.826546903964235
47.09678507181188
36.23281898316701
14.449775402733506
19.128421060672196
33.29745850168066
21.566441157488256
